region,rank,xcord,ycord,length	
1.TCA.454Reads.tiny.fna,0000031,1564.0,574.0,55
1.TCA.454Reads.tiny.fna,0000044,1862.5,829.0,50
1.TCA.454Reads.tiny.fna,0000072,494.0,1289.0,60
1.TCA.454Reads.tiny.fna,0000088,1004.0,1274.0,59
1.TCA.454Reads.tiny.fna,0000100,637.0,881.0,156
1.TCA.454Reads.tiny.fna,0000107,1351.5,1502.0,69
1.TCA.454Reads.tiny.fna,0000109,1710.5,445.0,63
1.TCA.454Reads.tiny.fna,0000121,1833.0,604.0,49
1.TCA.454Reads.tiny.fna,0000123,1523.0,685.5,107
1.TCA.454Reads.tiny.fna,0000125,1396.5,1079.0,176
1.TCA.454Reads.tiny.fna,0000127,678.0,416.0,62
1.TCA.454Reads.tiny.fna,0000140,1546.0,1861.0,46
1.TCA.454Reads.tiny.fna,0000145,426.0,1646.0,43
1.TCA.454Reads.tiny.fna,0000173,1234.0,1829.0,84
1.TCA.454Reads.tiny.fna,0000193,809.5,609.0,57
1.TCA.454Reads.tiny.fna,0000201,432.5,215.0,59
1.TCA.454Reads.tiny.fna,0000219,1699.0,1337.0,80
1.TCA.454Reads.tiny.fna,0000236,249.0,2343.0,51
1.TCA.454Reads.tiny.fna,0000246,441.0,355.0,82
1.TCA.454Reads.tiny.fna,0000253,1647.0,1733.0,177
1.TCA.454Reads.tiny.fna,0000257,123.0,255.0,48
1.TCA.454Reads.tiny.fna,0000259,780.0,998.0,57
1.TCA.454Reads.tiny.fna,0000299,1476.5,1123.0,58
1.TCA.454Reads.tiny.fna,0000306,1602.0,231.0,119
1.TCA.454Reads.tiny.fna,0000311,1489.0,853.0,79
1.TCA.454Reads.tiny.fna,0000313,683.0,156.0,50
1.TCA.454Reads.tiny.fna,0000314,1683.0,1311.0,52
1.TCA.454Reads.tiny.fna,0000331,787.0,1012.0,69
1.TCA.454Reads.tiny.fna,0000332,485.0,1821.0,50
1.TCA.454Reads.tiny.fna,0000335,520.0,973.0,75
1.TCA.454Reads.tiny.fna,0000341,1608.0,1768.0,75
1.TCA.454Reads.tiny.fna,0000347,1564.0,1398.0,49
1.TCA.454Reads.tiny.fna,0000356,1417.0,1141.0,57
1.TCA.454Reads.tiny.fna,0000359,1262.5,987.0,54
1.TCA.454Reads.tiny.fna,0000362,892.0,2078.0,55
1.TCA.454Reads.tiny.fna,0000364,1559.5,2093.0,46
1.TCA.454Reads.tiny.fna,0000367,1075.0,1954.0,100
1.TCA.454Reads.tiny.fna,0000374,1175.0,966.0,57
1.TCA.454Reads.tiny.fna,0000382,1041.0,2816.0,50
1.TCA.454Reads.tiny.fna,0000388,218.0,512.0,57
1.TCA.454Reads.tiny.fna,0000408,749.0,1213.0,40
1.TCA.454Reads.tiny.fna,0000429,991.0,811.0,63
1.TCA.454Reads.tiny.fna,0000453,196.0,822.0,73
1.TCA.454Reads.tiny.fna,0000458,1360.0,1723.5,65
1.TCA.454Reads.tiny.fna,0000464,323.0,1199.0,73
1.TCA.454Reads.tiny.fna,0000465,1598.0,1747.0,90
1.TCA.454Reads.tiny.fna,0000472,721.5,140.0,51
1.TCA.454Reads.tiny.fna,0000484,243.5,2012.0,61
1.TCA.454Reads.tiny.fna,0000490,1281.5,697.0,105
1.TCA.454Reads.tiny.fna,0000494,778.0,2282.5,50
1.TCA.454Reads.tiny.fna,0000495,728.0,1746.0,42
1.TCA.454Reads.tiny.fna,0000499,1235.0,1808.0,46
1.TCA.454Reads.tiny.fna,0000501,1153.0,792.0,115
1.TCA.454Reads.tiny.fna,0000504,1437.0,1543.5,52
1.TCA.454Reads.tiny.fna,0000506,956.0,428.5,102
1.TCA.454Reads.tiny.fna,0000508,1022.0,1875.0,90
1.TCA.454Reads.tiny.fna,0000512,561.0,84.0,143
1.TCA.454Reads.tiny.fna,0000514,1274.5,859.0,75
1.TCA.454Reads.tiny.fna,0000532,1195.0,2039.0,44
1.TCA.454Reads.tiny.fna,0000535,1007.5,1358.0,55
1.TCA.454Reads.tiny.fna,0000545,1515.0,212.5,56
1.TCA.454Reads.tiny.fna,0000547,847.5,1960.0,49
1.TCA.454Reads.tiny.fna,0000553,624.0,900.0,47
1.TCA.454Reads.tiny.fna,0000554,948.0,833.5,41
1.TCA.454Reads.tiny.fna,0000558,1583.5,848.0,69
1.TCA.454Reads.tiny.fna,0000559,536.0,657.0,40
1.TCA.454Reads.tiny.fna,0000562,1477.0,1324.5,241
1.TCA.454Reads.tiny.fna,0000572,1494.5,1939.0,48
1.TCA.454Reads.tiny.fna,0000573,827.0,241.0,43
1.TCA.454Reads.tiny.fna,0000574,194.0,1311.0,61
1.TCA.454Reads.tiny.fna,0000581,1565.0,1731.0,74
1.TCA.454Reads.tiny.fna,0000583,1439.0,740.0,160
1.TCA.454Reads.tiny.fna,0000585,91.0,517.5,69
1.TCA.454Reads.tiny.fna,0000587,1031.0,2505.5,54
1.TCA.454Reads.tiny.fna,0000590,1689.0,1223.0,53
1.TCA.454Reads.tiny.fna,0000594,1709.0,264.0,75
1.TCA.454Reads.tiny.fna,0000598,1064.5,1553.0,81
1.TCA.454Reads.tiny.fna,0000601,1638.0,380.0,44
1.TCA.454Reads.tiny.fna,0000603,1156.0,1711.0,90
1.TCA.454Reads.tiny.fna,0000611,1323.0,1697.5,79
1.TCA.454Reads.tiny.fna,0000620,1577.0,2495.0,204
1.TCA.454Reads.tiny.fna,0000642,1073.0,1593.0,95
1.TCA.454Reads.tiny.fna,0000643,511.0,1484.0,49
1.TCA.454Reads.tiny.fna,0000648,890.5,1332.0,50
1.TCA.454Reads.tiny.fna,0000650,1505.0,1492.0,85
1.TCA.454Reads.tiny.fna,0000654,597.0,92.0,43
1.TCA.454Reads.tiny.fna,0000660,301.0,74.0,51
1.TCA.454Reads.tiny.fna,0000664,837.5,46.5,70
1.TCA.454Reads.tiny.fna,0000669,652.0,97.0,86
1.TCA.454Reads.tiny.fna,0000673,681.0,705.0,128
1.TCA.454Reads.tiny.fna,0000674,1558.0,732.0,103
1.TCA.454Reads.tiny.fna,0000675,1163.0,2826.0,68
1.TCA.454Reads.tiny.fna,0000689,1647.5,1530.0,62
1.TCA.454Reads.tiny.fna,0000708,578.0,1071.0,50
1.TCA.454Reads.tiny.fna,0000710,1160.5,2842.0,65
1.TCA.454Reads.tiny.fna,0000722,1599.0,1669.0,103
1.TCA.454Reads.tiny.fna,0000729,870.5,1147.0,60
1.TCA.454Reads.tiny.fna,0000731,1187.0,1987.5,52
1.TCA.454Reads.tiny.fna,0000732,94.5,189.0,439
1.TCA.454Reads.tiny.fna,0000734,734.0,831.0,128
1.TCA.454Reads.tiny.fna,0000738,564.0,1415.0,61
1.TCA.454Reads.tiny.fna,0000751,1764.0,1023.5,62
1.TCA.454Reads.tiny.fna,0000753,1357.5,791.0,147
1.TCA.454Reads.tiny.fna,0000755,1568.0,2842.0,62
1.TCA.454Reads.tiny.fna,0000760,523.0,513.0,47
1.TCA.454Reads.tiny.fna,0000771,1016.5,2110.5,69
1.TCA.454Reads.tiny.fna,0000773,390.0,453.0,45
1.TCA.454Reads.tiny.fna,0000776,877.0,2567.0,47
1.TCA.454Reads.tiny.fna,0000788,948.0,727.5,86
1.TCA.454Reads.tiny.fna,0000794,1500.0,2187.0,97
1.TCA.454Reads.tiny.fna,0000801,1250.5,2343.0,182
1.TCA.454Reads.tiny.fna,0000804,144.0,891.0,82
1.TCA.454Reads.tiny.fna,0000807,891.0,508.0,53
1.TCA.454Reads.tiny.fna,0000809,1612.0,1997.0,45
1.TCA.454Reads.tiny.fna,0000810,315.5,811.0,69
1.TCA.454Reads.tiny.fna,0000811,828.0,1345.0,78
1.TCA.454Reads.tiny.fna,0000820,1597.0,806.0,105
1.TCA.454Reads.tiny.fna,0000836,838.0,716.0,141
1.TCA.454Reads.tiny.fna,0000842,1498.0,1956.0,47
1.TCA.454Reads.tiny.fna,0000846,1094.0,1226.0,111
1.TCA.454Reads.tiny.fna,0000850,906.0,822.0,51
1.TCA.454Reads.tiny.fna,0000862,1215.0,1695.0,165
1.TCA.454Reads.tiny.fna,0000865,644.0,510.5,366
1.TCA.454Reads.tiny.fna,0000870,647.0,1516.0,75
1.TCA.454Reads.tiny.fna,0000875,1208.5,1449.0,98
1.TCA.454Reads.tiny.fna,0000876,126.0,821.5,70
1.TCA.454Reads.tiny.fna,0000877,137.0,792.5,80
1.TCA.454Reads.tiny.fna,0000879,1564.5,1183.0,131
1.TCA.454Reads.tiny.fna,0000880,1103.0,1295.5,85
1.TCA.454Reads.tiny.fna,0000883,506.5,189.0,97
1.TCA.454Reads.tiny.fna,0000884,1384.0,626.0,71
1.TCA.454Reads.tiny.fna,0000888,1538.0,1867.0,82
1.TCA.454Reads.tiny.fna,0000895,526.5,266.0,136
1.TCA.454Reads.tiny.fna,0000897,900.5,901.0,161
1.TCA.454Reads.tiny.fna,0000903,630.5,1614.0,46
1.TCA.454Reads.tiny.fna,0000908,181.0,358.0,115
1.TCA.454Reads.tiny.fna,0000916,479.5,921.0,51
1.TCA.454Reads.tiny.fna,0000917,258.0,684.0,48
1.TCA.454Reads.tiny.fna,0000923,528.5,824.0,108
1.TCA.454Reads.tiny.fna,0000938,1579.0,723.0,157
1.TCA.454Reads.tiny.fna,0000939,1638.0,1302.0,46
1.TCA.454Reads.tiny.fna,0000940,959.0,2745.0,46
1.TCA.454Reads.tiny.fna,0000948,1129.5,539.0,62
1.TCA.454Reads.tiny.fna,0000955,1530.0,1685.0,61
1.TCA.454Reads.tiny.fna,0000959,1574.0,230.0,158
1.TCA.454Reads.tiny.fna,0000967,93.0,305.0,130
1.TCA.454Reads.tiny.fna,0000980,1311.5,1170.0,125
1.TCA.454Reads.tiny.fna,0000981,354.0,1755.0,63
1.TCA.454Reads.tiny.fna,0001001,1351.5,625.0,83
1.TCA.454Reads.tiny.fna,0001004,626.0,516.0,115
1.TCA.454Reads.tiny.fna,0001005,1289.0,1037.0,212
1.TCA.454Reads.tiny.fna,0001019,626.0,1098.5,123
1.TCA.454Reads.tiny.fna,0001020,1714.0,440.0,86
1.TCA.454Reads.tiny.fna,0001022,1554.0,1384.0,67
1.TCA.454Reads.tiny.fna,0001031,1615.0,1336.0,68
1.TCA.454Reads.tiny.fna,0001033,701.0,380.0,66
1.TCA.454Reads.tiny.fna,0001034,411.5,535.0,50
1.TCA.454Reads.tiny.fna,0001036,823.0,685.0,65
1.TCA.454Reads.tiny.fna,0001041,91.5,972.0,49
1.TCA.454Reads.tiny.fna,0001045,1514.5,1187.0,47
1.TCA.454Reads.tiny.fna,0001047,1119.0,353.0,54
1.TCA.454Reads.tiny.fna,0001049,283.0,619.0,45
1.TCA.454Reads.tiny.fna,0001055,1828.0,1082.0,49
1.TCA.454Reads.tiny.fna,0001056,1482.5,996.5,97
1.TCA.454Reads.tiny.fna,0001063,1227.5,906.0,76
1.TCA.454Reads.tiny.fna,0001068,1722.0,2833.0,85
1.TCA.454Reads.tiny.fna,0001071,1010.0,2118.0,58
1.TCA.454Reads.tiny.fna,0001081,522.0,1728.0,65
1.TCA.454Reads.tiny.fna,0001088,1671.0,2650.0,126
1.TCA.454Reads.tiny.fna,0001089,1855.0,1408.0,73
1.TCA.454Reads.tiny.fna,0001093,1103.0,75.0,49
1.TCA.454Reads.tiny.fna,0001096,1877.0,1856.0,44
1.TCA.454Reads.tiny.fna,0001102,1641.0,1268.0,87
1.TCA.454Reads.tiny.fna,0001105,1410.0,580.0,152
1.TCA.454Reads.tiny.fna,0001110,1143.0,1629.0,50
1.TCA.454Reads.tiny.fna,0001111,54.5,310.0,63
1.TCA.454Reads.tiny.fna,0001114,1396.0,974.0,72
1.TCA.454Reads.tiny.fna,0001118,193.0,401.0,148
1.TCA.454Reads.tiny.fna,0001120,1233.5,680.0,87
1.TCA.454Reads.tiny.fna,0001123,1580.5,87.0,46
1.TCA.454Reads.tiny.fna,0001125,1596.0,177.0,209
1.TCA.454Reads.tiny.fna,0001132,1017.5,754.5,367
1.TCA.454Reads.tiny.fna,0001147,814.0,1570.0,44
1.TCA.454Reads.tiny.fna,0001148,1051.5,763.0,181
1.TCA.454Reads.tiny.fna,0001151,1681.5,2800.5,56
1.TCA.454Reads.tiny.fna,0001154,1470.0,1876.0,65
1.TCA.454Reads.tiny.fna,0001155,620.0,450.0,73
1.TCA.454Reads.tiny.fna,0001163,527.0,355.5,94
1.TCA.454Reads.tiny.fna,0001170,452.0,2012.5,49
1.TCA.454Reads.tiny.fna,0001172,1058.0,1525.0,101
1.TCA.454Reads.tiny.fna,0001179,1614.0,2635.0,63
1.TCA.454Reads.tiny.fna,0001180,1975.0,1173.0,46
1.TCA.454Reads.tiny.fna,0001185,260.0,1279.5,70
1.TCA.454Reads.tiny.fna,0001190,1579.0,209.0,53
1.TCA.454Reads.tiny.fna,0001191,1166.0,3426.0,45
1.TCA.454Reads.tiny.fna,0001199,1340.0,1249.5,56
1.TCA.454Reads.tiny.fna,0001202,1556.0,610.5,48
1.TCA.454Reads.tiny.fna,0001208,1270.5,253.0,74
1.TCA.454Reads.tiny.fna,0001221,1339.0,186.0,80
1.TCA.454Reads.tiny.fna,0001225,1249.0,1587.5,75
1.TCA.454Reads.tiny.fna,0001228,596.5,1736.0,58
1.TCA.454Reads.tiny.fna,0001229,1753.0,992.0,82
1.TCA.454Reads.tiny.fna,0001231,768.5,107.0,88
1.TCA.454Reads.tiny.fna,0001240,1057.0,2709.5,67
1.TCA.454Reads.tiny.fna,0001242,1099.0,614.5,120
1.TCA.454Reads.tiny.fna,0001243,320.0,183.5,56
1.TCA.454Reads.tiny.fna,0001244,1503.0,457.0,173
1.TCA.454Reads.tiny.fna,0001251,1590.0,190.0,54
1.TCA.454Reads.tiny.fna,0001268,1164.5,2349.0,142
1.TCA.454Reads.tiny.fna,0001270,1789.0,3329.0,47
1.TCA.454Reads.tiny.fna,0001275,1591.0,855.0,61
1.TCA.454Reads.tiny.fna,0001280,698.0,1238.0,87
1.TCA.454Reads.tiny.fna,0001291,828.0,2769.0,85
1.TCA.454Reads.tiny.fna,0001293,77.5,658.0,56
1.TCA.454Reads.tiny.fna,0001297,1549.0,1499.0,117
1.TCA.454Reads.tiny.fna,0001301,189.0,175.0,104
1.TCA.454Reads.tiny.fna,0001311,1258.0,183.0,98
1.TCA.454Reads.tiny.fna,0001320,1619.5,1885.0,111
1.TCA.454Reads.tiny.fna,0001321,49.0,1602.0,50
1.TCA.454Reads.tiny.fna,0001322,1779.0,1646.0,213
1.TCA.454Reads.tiny.fna,0001324,996.0,1231.0,58
1.TCA.454Reads.tiny.fna,0001326,1430.0,1902.0,109
1.TCA.454Reads.tiny.fna,0001333,1725.0,629.0,218
1.TCA.454Reads.tiny.fna,0001335,964.5,1046.0,61
1.TCA.454Reads.tiny.fna,0001339,1092.5,1847.0,115
1.TCA.454Reads.tiny.fna,0001342,1623.0,352.0,202
1.TCA.454Reads.tiny.fna,0001347,1263.5,2658.0,114
1.TCA.454Reads.tiny.fna,0001363,512.0,3011.5,102
1.TCA.454Reads.tiny.fna,0001365,1470.5,115.0,48
1.TCA.454Reads.tiny.fna,0001367,1829.0,230.0,368
1.TCA.454Reads.tiny.fna,0001368,109.0,670.0,386
1.TCA.454Reads.tiny.fna,0001370,774.0,646.0,73
1.TCA.454Reads.tiny.fna,0001371,1662.5,1172.5,135
1.TCA.454Reads.tiny.fna,0001372,1390.5,272.0,51
1.TCA.454Reads.tiny.fna,0001382,220.0,231.0,61
1.TCA.454Reads.tiny.fna,0001389,1645.0,2921.0,119
1.TCA.454Reads.tiny.fna,0001394,1115.0,2272.0,102
1.TCA.454Reads.tiny.fna,0001400,1476.0,801.0,219
1.TCA.454Reads.tiny.fna,0001404,1256.0,629.0,68
1.TCA.454Reads.tiny.fna,0001408,515.0,2055.0,57
1.TCA.454Reads.tiny.fna,0001410,839.0,955.0,72
1.TCA.454Reads.tiny.fna,0001412,1918.0,1393.0,54
1.TCA.454Reads.tiny.fna,0001416,1608.5,1393.0,80
1.TCA.454Reads.tiny.fna,0001419,723.0,2027.5,91
1.TCA.454Reads.tiny.fna,0001421,1124.0,892.0,50
1.TCA.454Reads.tiny.fna,0001424,67.0,1718.0,70
1.TCA.454Reads.tiny.fna,0001426,358.0,743.0,89
1.TCA.454Reads.tiny.fna,0001430,1677.5,431.0,220
1.TCA.454Reads.tiny.fna,0001436,1638.0,345.0,63
1.TCA.454Reads.tiny.fna,0001438,1385.0,538.5,298
1.TCA.454Reads.tiny.fna,0001440,484.0,291.0,61
1.TCA.454Reads.tiny.fna,0001443,993.5,2672.0,63
1.TCA.454Reads.tiny.fna,0001445,655.0,1954.0,77
1.TCA.454Reads.tiny.fna,0001463,1560.0,2158.0,51
1.TCA.454Reads.tiny.fna,0001464,1763.0,1533.0,44
1.TCA.454Reads.tiny.fna,0001465,1454.0,2164.0,83
1.TCA.454Reads.tiny.fna,0001473,1910.0,1078.0,81
1.TCA.454Reads.tiny.fna,0001480,734.5,1738.5,60
1.TCA.454Reads.tiny.fna,0001481,974.0,711.5,62
1.TCA.454Reads.tiny.fna,0001492,49.0,895.0,94
1.TCA.454Reads.tiny.fna,0001493,76.0,480.0,60
1.TCA.454Reads.tiny.fna,0001495,541.0,2955.5,40
1.TCA.454Reads.tiny.fna,0001502,388.0,192.0,70
1.TCA.454Reads.tiny.fna,0001504,100.0,862.0,55
1.TCA.454Reads.tiny.fna,0001509,1655.5,783.0,124
1.TCA.454Reads.tiny.fna,0001510,1063.0,549.5,64
1.TCA.454Reads.tiny.fna,0001511,1239.0,751.5,71
1.TCA.454Reads.tiny.fna,0001513,1633.0,598.0,79
1.TCA.454Reads.tiny.fna,0001515,1205.0,2642.0,57
1.TCA.454Reads.tiny.fna,0001517,96.5,618.0,66
1.TCA.454Reads.tiny.fna,0001521,1395.0,2021.0,133
1.TCA.454Reads.tiny.fna,0001522,1262.5,2102.0,93
1.TCA.454Reads.tiny.fna,0001528,1341.0,1398.0,150
1.TCA.454Reads.tiny.fna,0001529,571.0,1391.0,52
1.TCA.454Reads.tiny.fna,0001530,602.0,915.0,274
1.TCA.454Reads.tiny.fna,0001532,801.5,2255.0,60
1.TCA.454Reads.tiny.fna,0001534,123.0,200.5,244
1.TCA.454Reads.tiny.fna,0001535,1267.0,2824.0,62
1.TCA.454Reads.tiny.fna,0001538,1684.0,605.0,144
1.TCA.454Reads.tiny.fna,0001541,1212.0,1910.0,259
1.TCA.454Reads.tiny.fna,0001554,1236.0,453.5,77
1.TCA.454Reads.tiny.fna,0001555,1759.0,617.5,61
1.TCA.454Reads.tiny.fna,0001557,1066.0,936.0,81
1.TCA.454Reads.tiny.fna,0001562,197.0,1926.0,58
1.TCA.454Reads.tiny.fna,0001564,193.0,1360.0,73
1.TCA.454Reads.tiny.fna,0001581,782.5,1519.5,59
1.TCA.454Reads.tiny.fna,0001582,701.0,412.5,104
1.TCA.454Reads.tiny.fna,0001585,1789.0,999.0,99
1.TCA.454Reads.tiny.fna,0001590,1805.5,2051.0,43
1.TCA.454Reads.tiny.fna,0001594,1015.0,1809.0,104
1.TCA.454Reads.tiny.fna,0001595,1611.5,809.0,291
1.TCA.454Reads.tiny.fna,0001603,1666.0,2846.0,100
1.TCA.454Reads.tiny.fna,0001604,914.0,463.0,61
1.TCA.454Reads.tiny.fna,0001609,1074.0,1264.0,79
1.TCA.454Reads.tiny.fna,0001612,1024.0,2419.0,228
1.TCA.454Reads.tiny.fna,0001620,1450.0,1588.0,97
1.TCA.454Reads.tiny.fna,0001621,1590.5,1976.5,127
1.TCA.454Reads.tiny.fna,0001622,413.5,261.0,82
1.TCA.454Reads.tiny.fna,0001626,1320.5,410.0,163
1.TCA.454Reads.tiny.fna,0001635,1121.0,605.5,69
1.TCA.454Reads.tiny.fna,0001636,793.0,1650.0,112
1.TCA.454Reads.tiny.fna,0001639,844.0,2456.0,62
1.TCA.454Reads.tiny.fna,0001643,76.0,833.0,48
1.TCA.454Reads.tiny.fna,0001652,189.0,142.0,74
1.TCA.454Reads.tiny.fna,0001660,1515.0,735.0,338
1.TCA.454Reads.tiny.fna,0001661,1393.0,2423.0,95
1.TCA.454Reads.tiny.fna,0001663,1265.0,240.5,175
1.TCA.454Reads.tiny.fna,0001666,1139.0,1217.0,54
1.TCA.454Reads.tiny.fna,0001671,1379.0,669.0,121
1.TCA.454Reads.tiny.fna,0001672,872.0,910.5,96
1.TCA.454Reads.tiny.fna,0001673,1081.0,558.0,441
1.TCA.454Reads.tiny.fna,0001675,895.5,2107.0,69
1.TCA.454Reads.tiny.fna,0001681,756.0,458.0,50
1.TCA.454Reads.tiny.fna,0001683,737.5,1213.0,58
1.TCA.454Reads.tiny.fna,0001686,880.0,3304.0,58
1.TCA.454Reads.tiny.fna,0001687,692.5,263.0,69
1.TCA.454Reads.tiny.fna,0001697,103.0,1655.0,52
1.TCA.454Reads.tiny.fna,0001701,299.0,1876.5,136
1.TCA.454Reads.tiny.fna,0001703,858.0,3935.0,62
1.TCA.454Reads.tiny.fna,0001705,532.0,124.0,125
1.TCA.454Reads.tiny.fna,0001713,323.0,1636.0,140
1.TCA.454Reads.tiny.fna,0001720,791.0,1416.0,153
1.TCA.454Reads.tiny.fna,0001722,813.0,1064.0,145
1.TCA.454Reads.tiny.fna,0001723,940.0,173.0,82
1.TCA.454Reads.tiny.fna,0001724,1356.0,568.0,60
1.TCA.454Reads.tiny.fna,0001737,740.0,1250.0,167
1.TCA.454Reads.tiny.fna,0001738,278.0,1586.0,115
1.TCA.454Reads.tiny.fna,0001743,105.0,934.0,96
1.TCA.454Reads.tiny.fna,0001746,326.0,153.0,67
1.TCA.454Reads.tiny.fna,0001747,1720.5,1981.0,56
1.TCA.454Reads.tiny.fna,0001755,659.0,1780.5,132
1.TCA.454Reads.tiny.fna,0001757,1299.0,2464.5,79
2.TCA.454Reads.tiny.fna,0000034,2648.5,2582.0,45
2.TCA.454Reads.tiny.fna,0000063,2846.0,2299.0,127
2.TCA.454Reads.tiny.fna,0000078,3482.5,504.0,139
2.TCA.454Reads.tiny.fna,0000091,2580.0,2644.0,85
2.TCA.454Reads.tiny.fna,0000105,2597.5,565.0,68
2.TCA.454Reads.tiny.fna,0000106,2434.5,1143.0,131
2.TCA.454Reads.tiny.fna,0000113,2452.0,3015.0,96
2.TCA.454Reads.tiny.fna,0000118,2428.0,1346.0,105
2.TCA.454Reads.tiny.fna,0000128,2827.0,1127.5,108
2.TCA.454Reads.tiny.fna,0000132,3586.0,199.0,63
2.TCA.454Reads.tiny.fna,0000136,3242.0,1818.0,72
2.TCA.454Reads.tiny.fna,0000138,3489.0,541.0,69
2.TCA.454Reads.tiny.fna,0000147,2660.0,131.5,174
2.TCA.454Reads.tiny.fna,0000165,2442.5,2024.0,116
2.TCA.454Reads.tiny.fna,0000166,2944.0,519.0,102
2.TCA.454Reads.tiny.fna,0000176,2720.5,2292.0,121
2.TCA.454Reads.tiny.fna,0000184,2589.0,2108.0,53
2.TCA.454Reads.tiny.fna,0000187,2742.0,816.0,53
2.TCA.454Reads.tiny.fna,0000194,2678.0,2506.0,90
2.TCA.454Reads.tiny.fna,0000202,2261.0,2434.5,54
2.TCA.454Reads.tiny.fna,0000203,2211.0,2703.5,62
2.TCA.454Reads.tiny.fna,0000205,3835.5,275.0,129
2.TCA.454Reads.tiny.fna,0000206,2967.0,2557.5,52
2.TCA.454Reads.tiny.fna,0000213,3267.0,1573.0,63
2.TCA.454Reads.tiny.fna,0000219,2580.0,1340.5,52
2.TCA.454Reads.tiny.fna,0000220,2262.0,2051.0,54
2.TCA.454Reads.tiny.fna,0000223,2642.0,2174.0,73
2.TCA.454Reads.tiny.fna,0000224,3947.0,142.0,69
2.TCA.454Reads.tiny.fna,0000228,2828.5,2478.5,415
2.TCA.454Reads.tiny.fna,0000229,3003.5,533.0,130
2.TCA.454Reads.tiny.fna,0000230,2845.0,373.0,87
2.TCA.454Reads.tiny.fna,0000243,3415.5,1355.0,43
2.TCA.454Reads.tiny.fna,0000262,2848.0,894.0,53
2.TCA.454Reads.tiny.fna,0000274,2576.0,3716.0,73
2.TCA.454Reads.tiny.fna,0000287,2498.5,1624.5,41
2.TCA.454Reads.tiny.fna,0000290,3644.5,655.0,161
2.TCA.454Reads.tiny.fna,0000296,2886.0,504.0,143
2.TCA.454Reads.tiny.fna,0000297,2447.5,1323.0,150
2.TCA.454Reads.tiny.fna,0000298,2475.0,3267.0,183
2.TCA.454Reads.tiny.fna,0000302,2935.0,2071.0,41
2.TCA.454Reads.tiny.fna,0000308,2278.5,846.0,84
2.TCA.454Reads.tiny.fna,0000310,2400.0,225.5,82
2.TCA.454Reads.tiny.fna,0000312,3157.0,2051.0,145
2.TCA.454Reads.tiny.fna,0000314,2183.0,2535.0,88
2.TCA.454Reads.tiny.fna,0000316,2929.0,1598.5,192
2.TCA.454Reads.tiny.fna,0000322,2448.0,508.0,109
2.TCA.454Reads.tiny.fna,0000327,2217.0,1333.0,56
2.TCA.454Reads.tiny.fna,0000329,2926.5,719.0,130
2.TCA.454Reads.tiny.fna,0000332,2837.0,2372.5,150
2.TCA.454Reads.tiny.fna,0000333,2235.0,303.0,89
2.TCA.454Reads.tiny.fna,0000337,2277.5,3487.0,57
2.TCA.454Reads.tiny.fna,0000350,3481.0,610.0,232
2.TCA.454Reads.tiny.fna,0000352,2986.0,1198.0,117
2.TCA.454Reads.tiny.fna,0000356,2759.0,762.0,64
2.TCA.454Reads.tiny.fna,0000358,3978.5,194.5,45
2.TCA.454Reads.tiny.fna,0000367,3350.5,199.5,47
2.TCA.454Reads.tiny.fna,0000384,2880.0,3455.0,62
2.TCA.454Reads.tiny.fna,0000405,2435.0,1434.5,142
2.TCA.454Reads.tiny.fna,0000409,2713.5,878.0,118
2.TCA.454Reads.tiny.fna,0000410,2501.0,3021.0,49
2.TCA.454Reads.tiny.fna,0000413,3025.0,361.0,117
2.TCA.454Reads.tiny.fna,0000414,2850.0,401.0,55
2.TCA.454Reads.tiny.fna,0000423,2800.0,1048.5,92
2.TCA.454Reads.tiny.fna,0000424,3118.0,2404.5,337
2.TCA.454Reads.tiny.fna,0000432,2227.0,1620.0,64
2.TCA.454Reads.tiny.fna,0000441,2685.0,1628.0,146
2.TCA.454Reads.tiny.fna,0000455,2525.0,1591.0,72
2.TCA.454Reads.tiny.fna,0000456,2897.5,2311.0,137
2.TCA.454Reads.tiny.fna,0000462,2225.0,714.5,49
2.TCA.454Reads.tiny.fna,0000465,2298.0,1009.0,45
2.TCA.454Reads.tiny.fna,0000472,2313.5,3315.0,48
2.TCA.454Reads.tiny.fna,0000478,3249.0,613.0,140
2.TCA.454Reads.tiny.fna,0000480,2375.0,2266.5,107
2.TCA.454Reads.tiny.fna,0000482,2725.0,1524.0,96
2.TCA.454Reads.tiny.fna,0000491,2462.5,2097.0,126
2.TCA.454Reads.tiny.fna,0000492,2733.0,522.0,113
2.TCA.454Reads.tiny.fna,0000498,2624.5,1847.0,127
2.TCA.454Reads.tiny.fna,0000516,2759.0,1718.0,88
2.TCA.454Reads.tiny.fna,0000526,3190.0,2246.0,63
2.TCA.454Reads.tiny.fna,0000528,3733.5,526.5,77
2.TCA.454Reads.tiny.fna,0000531,2563.0,1002.5,65
2.TCA.454Reads.tiny.fna,0000534,3814.5,301.0,471
2.TCA.454Reads.tiny.fna,0000547,2994.5,741.0,63
2.TCA.454Reads.tiny.fna,0000548,3229.0,3530.0,46
2.TCA.454Reads.tiny.fna,0000557,2253.0,415.0,52
2.TCA.454Reads.tiny.fna,0000559,2589.0,1829.0,99
2.TCA.454Reads.tiny.fna,0000560,2335.0,1092.0,63
2.TCA.454Reads.tiny.fna,0000565,3328.0,459.0,236
2.TCA.454Reads.tiny.fna,0000567,2308.0,298.0,44
2.TCA.454Reads.tiny.fna,0000575,3348.0,275.5,51
2.TCA.454Reads.tiny.fna,0000598,2871.0,1318.0,45
2.TCA.454Reads.tiny.fna,0000605,2534.0,1861.0,235
2.TCA.454Reads.tiny.fna,0000615,2688.0,1663.0,110
2.TCA.454Reads.tiny.fna,0000616,2824.0,3146.0,77
2.TCA.454Reads.tiny.fna,0000617,2563.0,3233.5,72
2.TCA.454Reads.tiny.fna,0000623,2947.5,2994.0,76
2.TCA.454Reads.tiny.fna,0000630,3550.0,1901.5,82
2.TCA.454Reads.tiny.fna,0000631,2569.0,1406.5,405
2.TCA.454Reads.tiny.fna,0000634,2913.0,2639.0,118
2.TCA.454Reads.tiny.fna,0000636,3807.0,1260.0,43
2.TCA.454Reads.tiny.fna,0000637,2636.0,1731.0,64
2.TCA.454Reads.tiny.fna,0000643,2389.5,1733.0,50
2.TCA.454Reads.tiny.fna,0000645,2676.0,1835.0,82
2.TCA.454Reads.tiny.fna,0000647,2878.0,323.5,409
2.TCA.454Reads.tiny.fna,0000648,2949.0,336.0,83
2.TCA.454Reads.tiny.fna,0000652,3947.0,2140.5,53
2.TCA.454Reads.tiny.fna,0000662,2895.0,246.0,100
2.TCA.454Reads.tiny.fna,0000664,2841.0,658.5,172
2.TCA.454Reads.tiny.fna,0000666,3824.0,173.0,46
2.TCA.454Reads.tiny.fna,0000669,2560.0,2458.0,65
2.TCA.454Reads.tiny.fna,0000674,2490.0,2035.0,83
2.TCA.454Reads.tiny.fna,0000675,2411.0,3650.0,62
2.TCA.454Reads.tiny.fna,0000680,3231.0,1166.0,85
2.TCA.454Reads.tiny.fna,0000685,3348.0,370.0,155
2.TCA.454Reads.tiny.fna,0000690,2882.0,164.0,259
2.TCA.454Reads.tiny.fna,0000694,3038.0,1599.0,67
2.TCA.454Reads.tiny.fna,0000695,3488.0,3955.0,88
2.TCA.454Reads.tiny.fna,0000700,3405.0,1500.5,108
2.TCA.454Reads.tiny.fna,0000702,3188.0,3611.0,46
2.TCA.454Reads.tiny.fna,0000703,2603.0,1073.0,84
2.TCA.454Reads.tiny.fna,0000711,2788.5,1998.0,161
2.TCA.454Reads.tiny.fna,0000712,3548.0,843.0,66
2.TCA.454Reads.tiny.fna,0000715,2595.0,719.0,178
2.TCA.454Reads.tiny.fna,0000720,2443.5,2855.0,83
2.TCA.454Reads.tiny.fna,0000724,2433.0,1741.0,240
2.TCA.454Reads.tiny.fna,0000725,2622.0,3110.0,72
2.TCA.454Reads.tiny.fna,0000728,2226.0,2364.5,92
2.TCA.454Reads.tiny.fna,0000730,3883.5,835.0,155
2.TCA.454Reads.tiny.fna,0000733,2345.5,2571.0,78
2.TCA.454Reads.tiny.fna,0000736,3059.5,455.0,242
2.TCA.454Reads.tiny.fna,0000748,2981.0,642.0,89
2.TCA.454Reads.tiny.fna,0000752,2862.5,347.0,141
2.TCA.454Reads.tiny.fna,0000765,3368.0,2002.0,126
2.TCA.454Reads.tiny.fna,0000768,2670.0,2750.5,208
2.TCA.454Reads.tiny.fna,0000781,2747.0,1633.0,155
2.TCA.454Reads.tiny.fna,0000791,2685.0,2749.0,53
2.TCA.454Reads.tiny.fna,0000792,4002.0,343.5,40
2.TCA.454Reads.tiny.fna,0000793,2796.0,2587.0,79
2.TCA.454Reads.tiny.fna,0000795,3106.0,1408.5,51
2.TCA.454Reads.tiny.fna,0000803,2620.5,1817.0,57
2.TCA.454Reads.tiny.fna,0000804,2593.0,1441.0,222
2.TCA.454Reads.tiny.fna,0000817,3416.5,2472.0,64
2.TCA.454Reads.tiny.fna,0000818,3920.5,3273.0,46
2.TCA.454Reads.tiny.fna,0000823,2883.5,607.0,119
2.TCA.454Reads.tiny.fna,0000828,2202.0,478.5,52
2.TCA.454Reads.tiny.fna,0000829,2261.0,2523.0,48
2.TCA.454Reads.tiny.fna,0000830,2248.0,2100.0,41
2.TCA.454Reads.tiny.fna,0000837,2860.5,1305.5,216
2.TCA.454Reads.tiny.fna,0000844,2459.0,2287.0,320
2.TCA.454Reads.tiny.fna,0000866,2649.0,1357.0,77
2.TCA.454Reads.tiny.fna,0000877,3683.0,2721.0,82
2.TCA.454Reads.tiny.fna,0000879,2710.5,481.0,68
2.TCA.454Reads.tiny.fna,0000884,2713.0,2590.0,192
2.TCA.454Reads.tiny.fna,0000885,3937.0,427.5,41
2.TCA.454Reads.tiny.fna,0000886,3269.0,1598.0,63
2.TCA.454Reads.tiny.fna,0000893,3321.0,402.0,198
2.TCA.454Reads.tiny.fna,0000905,2409.0,3263.0,163
2.TCA.454Reads.tiny.fna,0000918,2405.0,2877.0,58
2.TCA.454Reads.tiny.fna,0000924,2397.0,1190.5,94
2.TCA.454Reads.tiny.fna,0000925,2511.0,139.0,197
2.TCA.454Reads.tiny.fna,0000937,2730.5,622.0,58
2.TCA.454Reads.tiny.fna,0000942,3583.5,2072.0,58
2.TCA.454Reads.tiny.fna,0000944,2224.0,1367.0,66
2.TCA.454Reads.tiny.fna,0000948,2388.0,612.0,112
2.TCA.454Reads.tiny.fna,0000953,2541.0,360.0,55
2.TCA.454Reads.tiny.fna,0000954,2869.0,2487.5,156
2.TCA.454Reads.tiny.fna,0000955,2808.0,3020.0,153
2.TCA.454Reads.tiny.fna,0000956,3604.0,3334.0,65
2.TCA.454Reads.tiny.fna,0000959,2796.5,2833.0,134
2.TCA.454Reads.tiny.fna,0000960,2607.5,2893.0,107
2.TCA.454Reads.tiny.fna,0000962,3596.0,1988.5,211
2.TCA.454Reads.tiny.fna,0000965,2730.5,3514.0,98
2.TCA.454Reads.tiny.fna,0000966,2540.5,597.0,138
2.TCA.454Reads.tiny.fna,0000968,2487.0,3455.0,78
2.TCA.454Reads.tiny.fna,0000970,2666.5,1345.0,142
2.TCA.454Reads.tiny.fna,0000971,2200.5,2872.0,47
2.TCA.454Reads.tiny.fna,0000972,2539.0,561.0,74
2.TCA.454Reads.tiny.fna,0000974,3324.0,482.0,112
2.TCA.454Reads.tiny.fna,0000976,3409.5,3188.0,84
2.TCA.454Reads.tiny.fna,0000979,2331.0,3108.0,365
2.TCA.454Reads.tiny.fna,0000980,2647.5,2317.0,157
2.TCA.454Reads.tiny.fna,0000984,2620.0,2495.5,97
2.TCA.454Reads.tiny.fna,0000990,3825.0,182.0,135
2.TCA.454Reads.tiny.fna,0000992,3530.5,3166.0,148
2.TCA.454Reads.tiny.fna,0000995,3619.0,819.0,72
2.TCA.454Reads.tiny.fna,0000997,2555.5,1775.5,45
2.TCA.454Reads.tiny.fna,0000999,2720.0,3550.0,174
2.TCA.454Reads.tiny.fna,0001008,2463.0,638.5,152
2.TCA.454Reads.tiny.fna,0001012,3635.0,477.5,108
2.TCA.454Reads.tiny.fna,0001022,2579.5,474.0,153
2.TCA.454Reads.tiny.fna,0001024,3902.5,1859.5,69
2.TCA.454Reads.tiny.fna,0001026,3901.0,1015.0,50
2.TCA.454Reads.tiny.fna,0001027,2185.0,1036.0,87
2.TCA.454Reads.tiny.fna,0001031,3875.0,368.0,78
2.TCA.454Reads.tiny.fna,0001037,2884.5,1099.5,83
2.TCA.454Reads.tiny.fna,0001040,3491.0,1501.0,110
2.TCA.454Reads.tiny.fna,0001042,3519.0,64.0,171
2.TCA.454Reads.tiny.fna,0001044,2735.5,799.0,88
2.TCA.454Reads.tiny.fna,0001045,2575.0,2820.5,112
2.TCA.454Reads.tiny.fna,0001048,3554.0,1993.0,321
2.TCA.454Reads.tiny.fna,0001049,2453.0,1469.0,79
2.TCA.454Reads.tiny.fna,0001058,2876.0,2390.0,354
2.TCA.454Reads.tiny.fna,0001061,2528.0,747.0,81
2.TCA.454Reads.tiny.fna,0001065,2248.0,2315.5,81
2.TCA.454Reads.tiny.fna,0001068,4009.0,481.0,89
2.TCA.454Reads.tiny.fna,0001070,2685.0,1069.0,153
2.TCA.454Reads.tiny.fna,0001083,2592.0,2096.0,170
2.TCA.454Reads.tiny.fna,0001085,3162.0,60.5,136
2.TCA.454Reads.tiny.fna,0001087,2356.0,1673.0,145
2.TCA.454Reads.tiny.fna,0001089,2194.5,709.0,140
2.TCA.454Reads.tiny.fna,0001091,2797.0,2384.0,172
2.TCA.454Reads.tiny.fna,0001092,2569.0,2262.0,423
2.TCA.454Reads.tiny.fna,0001093,3530.0,437.0,193
2.TCA.454Reads.tiny.fna,0001100,2661.0,1368.0,48
2.TCA.454Reads.tiny.fna,0001105,3526.0,765.0,74
2.TCA.454Reads.tiny.fna,0001109,3318.0,2128.0,107
2.TCA.454Reads.tiny.fna,0001121,2217.0,1439.0,96
2.TCA.454Reads.tiny.fna,0001123,2776.0,2092.0,95
2.TCA.454Reads.tiny.fna,0001126,2935.5,2089.0,59
2.TCA.454Reads.tiny.fna,0001131,3799.0,296.0,69
2.TCA.454Reads.tiny.fna,0001133,2885.0,2309.0,450
2.TCA.454Reads.tiny.fna,0001135,3622.0,1515.0,95
2.TCA.454Reads.tiny.fna,0001140,2315.0,2611.5,139
2.TCA.454Reads.tiny.fna,0001142,2289.0,990.0,63
2.TCA.454Reads.tiny.fna,0001144,2753.0,1681.0,45
2.TCA.454Reads.tiny.fna,0001145,2362.0,1586.5,212
2.TCA.454Reads.tiny.fna,0001147,3004.0,1940.5,102
2.TCA.454Reads.tiny.fna,0001148,2517.5,564.5,383
2.TCA.454Reads.tiny.fna,0001150,2392.0,3314.0,171
2.TCA.454Reads.tiny.fna,0001154,2537.5,1722.0,107
2.TCA.454Reads.tiny.fna,0001155,2735.5,1606.5,107
2.TCA.454Reads.tiny.fna,0001160,3710.0,1860.5,81
2.TCA.454Reads.tiny.fna,0001164,3983.0,735.5,148
2.TCA.454Reads.tiny.fna,0001165,2550.0,1033.0,104
2.TCA.454Reads.tiny.fna,0001169,3319.0,2666.5,50
2.TCA.454Reads.tiny.fna,0001174,2850.5,354.0,268
2.TCA.454Reads.tiny.fna,0001176,3048.0,3063.0,126
2.TCA.454Reads.tiny.fna,0001179,2346.0,1887.0,270
2.TCA.454Reads.tiny.fna,0001186,2952.0,668.0,66
2.TCA.454Reads.tiny.fna,0001187,3656.5,414.0,317
2.TCA.454Reads.tiny.fna,0001189,2924.0,575.0,70
2.TCA.454Reads.tiny.fna,0001191,2888.5,493.0,99
2.TCA.454Reads.tiny.fna,0001198,2276.0,2061.0,49
2.TCA.454Reads.tiny.fna,0001200,3567.5,459.0,198
2.TCA.454Reads.tiny.fna,0001202,3058.0,2600.0,62
2.TCA.454Reads.tiny.fna,0001203,2863.0,1821.5,343
2.TCA.454Reads.tiny.fna,0001210,2635.5,3220.0,49
2.TCA.454Reads.tiny.fna,0001211,2961.0,1725.0,70
2.TCA.454Reads.tiny.fna,0001214,2382.5,302.0,58
2.TCA.454Reads.tiny.fna,0001215,4023.0,623.5,311
2.TCA.454Reads.tiny.fna,0001217,2952.0,73.0,312
2.TCA.454Reads.tiny.fna,0001221,3213.0,429.5,80
2.TCA.454Reads.tiny.fna,0001228,3117.5,3048.0,75
2.TCA.454Reads.tiny.fna,0001229,2991.0,2240.0,87
2.TCA.454Reads.tiny.fna,0001230,2877.0,2444.5,57
2.TCA.454Reads.tiny.fna,0001232,2871.5,1593.0,103
2.TCA.454Reads.tiny.fna,0001233,3805.0,348.0,191
2.TCA.454Reads.tiny.fna,0001234,3817.0,144.0,85
2.TCA.454Reads.tiny.fna,0001238,2372.0,2701.5,294
2.TCA.454Reads.tiny.fna,0001240,3125.0,2719.0,46
2.TCA.454Reads.tiny.fna,0001241,3471.0,135.0,148
2.TCA.454Reads.tiny.fna,0001242,2182.5,1264.0,188
2.TCA.454Reads.tiny.fna,0001245,2376.5,2705.0,257
2.TCA.454Reads.tiny.fna,0001249,2567.5,2923.0,64
2.TCA.454Reads.tiny.fna,0001252,3229.0,885.0,414
2.TCA.454Reads.tiny.fna,0001253,3077.0,2045.0,272
2.TCA.454Reads.tiny.fna,0001259,2587.5,1446.0,493
2.TCA.454Reads.tiny.fna,0001270,3498.0,925.5,41
2.TCA.454Reads.tiny.fna,0001278,3466.0,2984.5,112
2.TCA.454Reads.tiny.fna,0001279,2543.5,482.0,63
2.TCA.454Reads.tiny.fna,0001281,3599.0,3194.0,76
2.TCA.454Reads.tiny.fna,0001283,2964.0,2033.0,96
2.TCA.454Reads.tiny.fna,0001286,3794.0,827.5,69
2.TCA.454Reads.tiny.fna,0001287,3712.0,3066.0,61
2.TCA.454Reads.tiny.fna,0001288,2529.5,912.0,106
2.TCA.454Reads.tiny.fna,0001290,2909.0,1213.0,363
2.TCA.454Reads.tiny.fna,0001291,2534.0,2798.0,53
2.TCA.454Reads.tiny.fna,0001299,3133.0,2757.0,60
2.TCA.454Reads.tiny.fna,0001301,2842.0,2230.0,126
2.TCA.454Reads.tiny.fna,0001303,3455.0,102.0,68
2.TCA.454Reads.tiny.fna,0001306,2805.0,2549.0,135
2.TCA.454Reads.tiny.fna,0001309,2374.0,2201.0,384
